test:
  MAE: 0.2260235697031021
  MSE: 0.14576877653598785
  RMSE: 0.38179677724838257
train:
  MAE: 0.21700747311115265
  MSE: 0.13791321218013763
  RMSE: 0.3713666796684265
valid:
  MAE: 0.20658554136753082
  MSE: 0.11324641853570938
  RMSE: 0.33652105927467346
