test:
  MAE: 0.23910820484161377
  MSE: 0.16114623844623566
  RMSE: 0.40143024921417236
train:
  MAE: 0.22877942025661469
  MSE: 0.14834880828857422
  RMSE: 0.38516074419021606
valid:
  MAE: 0.21844801306724548
  MSE: 0.12704427540302277
  RMSE: 0.35643270611763
