test:
  MAE: 0.22692468762397766
  MSE: 0.16469644010066986
  RMSE: 0.4058280885219574
train:
  MAE: 0.19924145936965942
  MSE: 0.12172416597604752
  RMSE: 0.34888991713523865
valid:
  MAE: 0.2755724787712097
  MSE: 0.21694327890872955
  RMSE: 0.46577170491218567
