test:
  MAE: 0.2300785481929779
  MSE: 0.16201946139335632
  RMSE: 0.4025164246559143
train:
  MAE: 0.20043140649795532
  MSE: 0.11751555651426315
  RMSE: 0.342805415391922
valid:
  MAE: 0.27090054750442505
  MSE: 0.21800512075424194
  RMSE: 0.466910183429718
