test:
  MAE: 0.30912306904792786
  MSE: 0.2963622212409973
  RMSE: 0.5443916320800781
train:
  MAE: 0.23940609395503998
  MSE: 0.1608484536409378
  RMSE: 0.4010591506958008
valid:
  MAE: 0.30986154079437256
  MSE: 0.2877134680747986
  RMSE: 0.5363892912864685
