test:
  MAE: 0.29858142137527466
  MSE: 0.2765272557735443
  RMSE: 0.5258585810661316
train:
  MAE: 0.25075259804725647
  MSE: 0.16267120838165283
  RMSE: 0.4033252000808716
valid:
  MAE: 0.3071865141391754
  MSE: 0.27162593603134155
  RMSE: 0.5211774706840515
