test:
  MAE: 0.2713533043861389
  MSE: 0.24421024322509766
  RMSE: 0.49417632818222046
train:
  MAE: 0.20569516718387604
  MSE: 0.12083687633275986
  RMSE: 0.3476159870624542
valid:
  MAE: 0.2748539447784424
  MSE: 0.2512761652469635
  RMSE: 0.5012745261192322
