test:
  MAE: 0.27924031019210815
  MSE: 0.2512569725513458
  RMSE: 0.5012553930282593
train:
  MAE: 0.21439501643180847
  MSE: 0.1312607079744339
  RMSE: 0.36229920387268066
valid:
  MAE: 0.27839598059654236
  MSE: 0.2602287828922272
  RMSE: 0.5101262331008911
