test:
  MAE: 0.2548246681690216
  MSE: 0.19122587144374847
  RMSE: 0.43729379773139954
train:
  MAE: 0.23115280270576477
  MSE: 0.16079896688461304
  RMSE: 0.40099745988845825
valid:
  MAE: 0.3103354275226593
  MSE: 0.27493059635162354
  RMSE: 0.5243382453918457
