test:
  MAE: 0.25654172897338867
  MSE: 0.2131344974040985
  RMSE: 0.46166491508483887
train:
  MAE: 0.23528099060058594
  MSE: 0.19168417155742645
  RMSE: 0.4378175139427185
valid:
  MAE: 0.31502479314804077
  MSE: 0.2821614444255829
  RMSE: 0.5311887264251709
