test:
  MAE: 0.23051489889621735
  MSE: 0.18636848032474518
  RMSE: 0.43170416355133057
train:
  MAE: 0.18818089365959167
  MSE: 0.144227534532547
  RMSE: 0.37977299094200134
valid:
  MAE: 0.29471510648727417
  MSE: 0.2578872740268707
  RMSE: 0.507826030254364
