test:
  MAE: 0.23229102790355682
  MSE: 0.17563404142856598
  RMSE: 0.41908714175224304
train:
  MAE: 0.1940508335828781
  MSE: 0.11968350410461426
  RMSE: 0.3459530472755432
valid:
  MAE: 0.28660574555397034
  MSE: 0.2603136897087097
  RMSE: 0.5102094411849976
