test:
  MAE: 0.20848463475704193
  MSE: 0.13948361575603485
  RMSE: 0.373475044965744
train:
  MAE: 0.18488848209381104
  MSE: 0.10824878513813019
  RMSE: 0.32901182770729065
valid:
  MAE: 0.19086067378520966
  MSE: 0.10634294897317886
  RMSE: 0.32610267400741577
