test:
  MAE: 0.21786804497241974
  MSE: 0.13647058606147766
  RMSE: 0.36941924691200256
train:
  MAE: 0.20312024652957916
  MSE: 0.11490975320339203
  RMSE: 0.338983416557312
valid:
  MAE: 0.19552642107009888
  MSE: 0.10811871290206909
  RMSE: 0.3288140892982483
