test:
  MAE: 0.26009663939476013
  MSE: 0.19932477176189423
  RMSE: 0.44645804166793823
train:
  MAE: 0.22068913280963898
  MSE: 0.14041686058044434
  RMSE: 0.3747223913669586
valid:
  MAE: 0.23790045082569122
  MSE: 0.15943971276283264
  RMSE: 0.3992990255355835
