test:
  MAE: 0.2682683765888214
  MSE: 0.22549420595169067
  RMSE: 0.47486230731010437
train:
  MAE: 0.23117516934871674
  MSE: 0.16129182279109955
  RMSE: 0.4016115367412567
valid:
  MAE: 0.2453993558883667
  MSE: 0.1817794144153595
  RMSE: 0.4263559579849243
