test:
  MAE: 0.23924186825752258
  MSE: 0.18010468780994415
  RMSE: 0.4243874251842499
train:
  MAE: 0.1943521499633789
  MSE: 0.11617707461118698
  RMSE: 0.34084758162498474
valid:
  MAE: 0.21843229234218597
  MSE: 0.14440369606018066
  RMSE: 0.3800048530101776
