test:
  MAE: 0.2439749389886856
  MSE: 0.19181165099143982
  RMSE: 0.43796306848526
train:
  MAE: 0.19420850276947021
  MSE: 0.11339054256677628
  RMSE: 0.3367351293563843
valid:
  MAE: 0.2219574898481369
  MSE: 0.15075606107711792
  RMSE: 0.3882731795310974
