test:
  MAE: 0.2562459409236908
  MSE: 0.20830339193344116
  RMSE: 0.45640265941619873
train:
  MAE: 0.2315938025712967
  MSE: 0.16731122136116028
  RMSE: 0.40903693437576294
valid:
  MAE: 0.29491424560546875
  MSE: 0.23564809560775757
  RMSE: 0.48543599247932434
