test:
  MAE: 0.26208752393722534
  MSE: 0.19526179134845734
  RMSE: 0.4418843686580658
train:
  MAE: 0.23555763065814972
  MSE: 0.15790632367134094
  RMSE: 0.3973742723464966
valid:
  MAE: 0.293363094329834
  MSE: 0.24833637475967407
  RMSE: 0.498333603143692
