test:
  MAE: 0.22915512323379517
  MSE: 0.15546749532222748
  RMSE: 0.3942936658859253
train:
  MAE: 0.2196725755929947
  MSE: 0.14185313880443573
  RMSE: 0.37663397192955017
valid:
  MAE: 0.21358439326286316
  MSE: 0.1194859966635704
  RMSE: 0.34566745162010193
