test:
  MAE: 0.23631080985069275
  MSE: 0.16188864409923553
  RMSE: 0.4023538827896118
train:
  MAE: 0.22515621781349182
  MSE: 0.1471407115459442
  RMSE: 0.3835892379283905
valid:
  MAE: 0.2132958620786667
  MSE: 0.12375357002019882
  RMSE: 0.3517862558364868
