test:
  MAE: 0.2072613388299942
  MSE: 0.13560448586940765
  RMSE: 0.3682451546192169
train:
  MAE: 0.1791941523551941
  MSE: 0.09814894944429398
  RMSE: 0.31328731775283813
valid:
  MAE: 0.18851469457149506
  MSE: 0.09804091602563858
  RMSE: 0.31311485171318054
