test:
  MAE: 0.20108629763126373
  MSE: 0.12838566303253174
  RMSE: 0.35830944776535034
train:
  MAE: 0.17441986501216888
  MSE: 0.09518709778785706
  RMSE: 0.30852407217025757
valid:
  MAE: 0.18445362150669098
  MSE: 0.09418293088674545
  RMSE: 0.30689236521720886
