test:
  MAE: 0.2623899281024933
  MSE: 0.19025711715221405
  RMSE: 0.43618473410606384
train:
  MAE: 0.2625739872455597
  MSE: 0.19770129024982452
  RMSE: 0.44463613629341125
valid:
  MAE: 0.24021221697330475
  MSE: 0.15149515867233276
  RMSE: 0.38922378420829773
