test:
  MAE: 0.25675255060195923
  MSE: 0.1849752962589264
  RMSE: 0.43008753657341003
train:
  MAE: 0.25322598218917847
  MSE: 0.18809066712856293
  RMSE: 0.4336942136287689
valid:
  MAE: 0.23118379712104797
  MSE: 0.14412003755569458
  RMSE: 0.3796314597129822
