test:
  MAE: 0.2462151199579239
  MSE: 0.17272736132144928
  RMSE: 0.4156047999858856
train:
  MAE: 0.22397439181804657
  MSE: 0.15105639398097992
  RMSE: 0.3886597454547882
valid:
  MAE: 0.2211540937423706
  MSE: 0.13369348645210266
  RMSE: 0.36564120650291443
