test:
  MAE: 0.2312822937965393
  MSE: 0.16036593914031982
  RMSE: 0.4004571735858917
train:
  MAE: 0.21417798101902008
  MSE: 0.13931965827941895
  RMSE: 0.37325549125671387
valid:
  MAE: 0.20553389191627502
  MSE: 0.11646171659231186
  RMSE: 0.34126487374305725
